UNITS=INCH
#Layer_Physical_Order=3
#Layer_Color=6736896
#
#Feature symbol names
#
$0 r10
$1 r32
$2 r6
$3 r16
$4 r8
$5 r68.8976
$6 r21.6535
$7 r29.5276

#
#Feature attribute names
#
@0 .geometry
@1 .pad_usage

#
#Feature attribute text strings
#
&0 Pad_Simple_X68.8976Y68.8976H39.3701C79.3701
&1 VIA_RoundD21.6535H11.8110C51.8110
&2 VIA_RoundD29.5276H19.6850C59.6850

#
#Layer features
#
L 0.024 0.8385 0.024 2.9115 1 P 0
L 0.024 0.8385 0.05625 0.80625 1 P 0
L 0.024 2.9115 0.05 2.9375 1 P 0
L 0.05 2.9375 0.45 2.9375 1 P 0
L 0.05625 0.80625 0.4625 0.80625 1 P 0
L 0.35 1.425 0.35 1.5625 2 P 0
L 0.35 1.5625 0.3625 1.575 2 P 0
L 0.3625 1.575 1.0875 1.575 2 P 0
L 0.40436 1.155 0.4770781 1.155 4 P 0
L 0.4625 0.80625 0.4875 0.78125 1 P 0
L 0.4770781 1.155 0.6046293 1.2825512 4 P 0
L 0.4875 0.7375 0.4875 0.78125 1 P 0
L 0.5 1.3346547 0.5 1.55 2 P 0
L 0.5 1.3346547 0.5096547 1.325 2 P 0
L 0.5 1.55 0.5125 1.5625 2 P 0
L 0.5096547 1.325 0.55 1.325 2 P 0
L 0.5125 1.5625 1.1 1.5625 2 P 0
L 0.5125 2.6841839 0.5185107 2.6781732 2 P 0
L 0.5185107 2.6781732 0.9093268 2.6781732 2 P 0
L 0.5625 2.7 0.9375 2.7 2 P 0
L 0.6 1.3322808 0.6 1.5375 2 P 0
L 0.6 1.3322808 0.6072808 1.325 2 P 0
L 0.6 1.5375 0.6125 1.55 2 P 0
L 0.6046293 1.2825512 0.9075512 1.2825512 4 P 0
L 0.6072808 1.325 0.65 1.325 2 P 0
L 0.6125 1.55 1.1125 1.55 2 P 0
L 0.7 1.3347933 0.7 1.525 2 P 0
L 0.7 1.3347933 0.7097933 1.325 2 P 0
L 0.7 1.525 0.7125 1.5375 2 P 0
L 0.7097933 1.325 0.75 1.325 2 P 0
L 0.7125 1.5375 1.125 1.5375 2 P 0
L 0.7224409 1.19951 0.7282061 1.19951 0 P 0
L 0.7282061 1.19951 0.7525229 1.2238268 0 P 0
L 0.7525229 1.2238268 0.8150669 1.2238268 0 P 0
L 0.777559 1.2 0.93299 1.2 0 P 0
L 0.8 1.3330709 0.8 1.5125 2 P 0
L 0.8 1.3330709 0.8080709 1.325 2 P 0
L 0.8 1.5125 0.8125 1.525 2 P 0
L 0.8080709 1.325 0.85 1.325 2 P 0
L 0.8125 1.525 1.1375 1.525 2 P 0
L 0.8150669 1.2238268 0.85625 1.2650099 0 P 0
L 0.85625 1.2650099 1.88221 1.26501 0 P 0
L 0.9 1.3338137 0.9 1.5 2 P 0
L 0.9 1.3338137 0.9088137 1.325 2 P 0
L 0.9 1.5 0.9125 1.5125 2 P 0
L 0.9075512 1.2825512 0.95 1.325 4 P 0
L 0.9088137 1.325 0.95 1.325 2 P 0
L 0.9093268 2.6781732 0.9125 2.675 2 P 0
L 0.9125 1.5125 1.15 1.5125 2 P 0
L 0.9125 2.675 1.4158481 2.675 2 P 0
L 0.93299 1.2 0.9679899 1.2349999 0 P 0
L 0.9375 2.7 1.426706 2.7 2 P 0
L 0.9599409 1.1894509 0.9875 1.21701 0 P 0
L 0.9679899 1.2349999 1.885 1.235 0 P 0
L 0.9875 1.21701 1.93021 1.21701 0 P 0
L 1.0150591 1.1894509 1.0266181 1.2010099 0 P 0
L 1.0266181 1.2010099 1.15625 1.2010099 0 P 0
L 1.0873268 1.4899958 1.1524958 1.4899958 2 P 0
L 1.0875 1.575 1.1 1.5875 2 P 0
L 1.1 1.5625 1.1125 1.575 2 P 0
L 1.1 1.5875 1.1 2.1375 2 P 0
L 1.1 2.1375 1.1125 2.15 2 P 0
L 1.1125 1.55 1.125 1.5625 2 P 0
L 1.1125 1.575 1.1125 2.125 2 P 0
L 1.1125 2.125 1.125 2.1375 2 P 0
L 1.1125 2.15 1.1625 2.15 2 P 0
L 1.125 1.5375 1.1375 1.55 2 P 0
L 1.125 1.5625 1.125 2.1125 2 P 0
L 1.125 2.1125 1.1375 2.125 2 P 0
L 1.125 2.1375 1.5 2.1375 2 P 0
L 1.1375 1.525 1.15 1.5375 2 P 0
L 1.1375 1.55 1.1375 2.1 2 P 0
L 1.1375 2.1 1.15 2.1125 2 P 0
L 1.1375 2.125 1.55 2.125 2 P 0
L 1.15 1.5125 1.1625 1.525 2 P 0
L 1.15 1.5375 1.15 2.0875 2 P 0
L 1.15 2.0875 1.1625 2.1 2 P 0
L 1.15 2.1125 1.5625 2.1125 2 P 0
L 1.1524958 1.4899958 1.175 1.5125 2 P 0
L 1.15625 1.2010099 1.94621 1.20101 0 P 0
L 1.1625 1.525 1.1625 2.075 2 P 0
L 1.1625 2.075 1.175 2.0875 2 P 0
L 1.1625 2.1 1.575 2.1 2 P 0
L 1.1625 2.15 1.175 2.1625 2 P 0
L 1.175 1.5125 1.175 2.0625 2 P 0
L 1.175 2.0625 1.1875 2.075 2 P 0
L 1.175 2.0875 1.5875 2.0875 2 P 0
L 1.175 2.1625 1.175 2.3625 2 P 0
L 1.175 2.3625 1.1875 2.375 2 P 0
L 1.1875 2.075 1.6 2.075 2 P 0
L 1.1875 2.375 1.2375 2.375 2 P 0
L 1.2625 2.4625 1.2625 2.5075098 2 P 0
L 1.2625 2.5075098 1.451817 2.6968268 2 P 0
L 1.2875 2.4875 1.2875 2.5183677 2 P 0
L 1.2875 2.5183677 1.4559591 2.6868268 2 P 0
L 1.3125 2.5125 1.3642158 2.5125 2 P 0
L 1.3376 2.4625 1.3525 2.4774 2 P 0
L 1.3525 2.4774 1.3525 2.4866421 2 P 0
L 1.3525 2.4866421 1.5326847 2.6668268 2 P 0
L 1.3625 2.4375 1.3625 2.4825 2 P 0
L 1.3625 2.4825 1.5368268 2.6568268 2 P 0
L 1.3642158 2.5125 1.5285426 2.6768268 2 P 0
L 1.3874873 2.46875 1.4313139 2.46875 2 P 0
L 1.4125 2.325 1.4125 2.435794 2 P 0
L 1.4125 2.435794 1.6135328 2.6368268 2 P 0
L 1.4158481 2.675 1.4476749 2.7068268 2 P 0
L 1.4167352 1.0824999 1.4175001 1.0824999 0 P 0
L 1.4175001 1.0824999 1.4709349 1.0824999 0 P 0
L 1.426706 2.7 1.4435328 2.7168268 2 P 0
L 1.4313139 2.46875 1.6093907 2.6468268 2 P 0
L 1.4322667 1.1743775 1.4322667 1.1761895 0 P 0
L 1.4322667 1.1761895 1.4394464 1.1690098 0 P 0
L 1.4375 2.2125 1.4375 2.4466519 2 P 0
L 1.4375 2.4466519 1.6176749 2.6268268 2 P 0
L 1.4394464 1.1690098 1.45 1.1690098 0 P 0
L 1.4435328 2.7168268 5.6676435 2.7168268 2 P 0
L 1.4476749 2.7068268 5.6635014 2.7068268 2 P 0
L 1.45 1.1690098 3.96571 1.16901 0 P 0
L 1.451817 2.6968268 5.6593593 2.6968268 2 P 0
L 1.4556732 2.349317 1.4556732 2.450683 2 P 0
L 1.4556732 2.349317 1.4625 2.3424902 2 P 0
L 1.4556732 2.450683 1.621817 2.6168268 2 P 0
L 1.4559591 2.6868268 5.6552172 2.6868268 2 P 0
L 1.4625 2.1875 1.4625 2.3424902 2 P 0
L 1.4656732 2.3534591 1.4656732 2.4465409 2 P 0
L 1.4656732 2.3534591 1.4843268 2.3348055 2 P 0
L 1.4656732 2.4465409 1.6259591 2.6068268 2 P 0
L 1.4709349 1.0824999 1.4802165 1.0917815 0 P 0
L 1.4802165 1.0917815 1.4802165 1.14375 0 P 0
L 1.4802165 1.14375 1.4894767 1.1530102 0 P 0
L 1.4843268 2.1656732 1.4843268 2.3348055 2 P 0
L 1.4843268 2.1656732 1.4875 2.1625 2 P 0
L 1.4875 2.4 1.5385053 2.4 2 P 0
L 1.4875 2.4375 1.5618632 2.4375 2 P 0
L 1.4894767 1.1530102 1.4920276 1.1530102 0 P 0
L 1.4920276 1.1530102 3.98171 1.15301 0 P 0
L 1.5 2.1375 1.5306732 2.1681732 2 P 0
L 1.5285426 2.6768268 5.6510751 2.6768268 2 P 0
L 1.5306732 2.1681732 1.5306732 2.325683 2 P 0
L 1.5306732 2.325683 1.55 2.3450098 2 P 0
L 1.5326847 2.6668268 5.646933 2.6668268 2 P 0
L 1.5368268 2.6568268 5.6427909 2.6568268 2 P 0
L 1.5385053 2.4 1.7253321 2.5868268 2 P 0
L 1.5406732 2.3034591 1.5406732 2.3215409 2 P 0
L 1.5406732 2.3034591 1.5625 2.2816323 2 P 0
L 1.5406732 2.3215409 1.5625 2.3433677 2 P 0
L 1.55 2.125 1.5625 2.1375 2 P 0
L 1.55 2.3450098 1.55 2.3973526 2 P 0
L 1.55 2.3973526 1.7294742 2.5768268 2 P 0
L 1.5618632 2.4375 1.72119 2.5968268 2 P 0
L 1.5625 2.1125 1.5843268 2.1343268 2 P 0
L 1.5625 2.1375 1.5625 2.2816323 2 P 0
L 1.5625 2.3433677 1.5625 2.3957105 2 P 0
L 1.5625 2.3957105 1.7336163 2.5668268 2 P 0
L 1.5736534 1.08125 1.5736534 1.116996 0 P 0
L 1.5736534 1.116996 1.5811674 1.12451 0 P 0
L 1.575 2.1 1.5943268 2.1193268 2 P 0
L 1.575 2.3308677 1.575 2.3940684 2 P 0
L 1.575 2.3308677 1.5843268 2.3215409 2 P 0
L 1.575 2.3940684 1.7377584 2.5568268 2 P 0
L 1.5811674 1.12451 2.01171 1.12451 0 P 0
L 1.5843268 2.1343268 1.5843268 2.3215409 2 P 0
L 1.5875 2.0875 1.6043268 2.1043268 2 P 0
L 1.5875 2.3325098 1.5875 2.3924263 2 P 0
L 1.5875 2.3325098 1.5943268 2.325683 2 P 0
L 1.5875 2.3924263 1.7419005 2.5468268 2 P 0
L 1.5943268 2.1193268 1.5943268 2.325683 2 P 0
L 1.6 2.075 1.6143268 2.0893268 2 P 0
L 1.6 2.3341519 1.6 2.3907842 2 P 0
L 1.6 2.3341519 1.6043268 2.3298251 2 P 0
L 1.6 2.3907842 1.7460426 2.5368268 2 P 0
L 1.6043268 2.1043268 1.6043268 2.3298251 2 P 0
L 1.6093907 2.6468268 5.6219232 2.6468268 2 P 0
L 1.6125 2.335794 1.6125 2.3891421 2 P 0
L 1.6125 2.335794 1.6143268 2.3339672 2 P 0
L 1.6125 2.3891421 1.7501847 2.5268268 2 P 0
L 1.6135328 2.6368268 5.5333904 2.6368268 2 P 0
L 1.6143268 2.0893268 1.6143268 2.3339672 2 P 0
L 1.6176749 2.6268268 5.5292483 2.6268268 2 P 0
L 1.621817 2.6168268 5.5251062 2.6168268 2 P 0
L 1.6259591 2.6068268 5.5209641 2.6068268 2 P 0
L 1.65 1.325 1.7125 1.325 2 P 0
L 1.7125 1.325 1.7280768 1.3405768 2 P 0
L 1.715 1.6208579 1.715 2.4775 2 P 0
L 1.715 1.6208579 1.7156732 1.6201847 2 P 0
L 1.715 2.4775 1.7543268 2.5168268 2 P 0
L 1.7156732 1.6034591 1.7156732 1.6201847 2 P 0
L 1.7156732 1.6034591 1.7280768 1.5910555 2 P 0
L 1.72119 2.5968268 3.7222416 2.5968268 2 P 0
L 1.725 1.625 1.725 2.4625 2 P 0
L 1.725 1.625 1.7375 1.6125 2 P 0
L 1.725 2.4625 1.7693268 2.5068268 2 P 0
L 1.7253321 2.5868268 3.7180995 2.5868268 2 P 0
L 1.7280768 1.3405768 1.7280768 1.5910555 2 P 0
L 1.7294742 2.5768268 3.7139574 2.5768268 2 P 0
L 1.73125 1.08351 2.02899 1.08351 0 P 0
L 1.7336163 2.5668268 3.7098153 2.5668268 2 P 0
L 1.7375 1.6625 1.7375 2.45 2 P 0
L 1.7375 1.6625 1.7625 1.6375 2 P 0
L 1.7375 2.45 1.7843268 2.4968268 2 P 0
L 1.7377584 2.5568268 3.7056732 2.5568268 2 P 0
L 1.7419005 2.5468268 3.6906732 2.5468268 2 P 0
L 1.7460426 2.5368268 3.6815409 2.5368268 2 P 0
L 1.75 1.6875 1.75 2.4375 2 P 0
L 1.75 1.6875 1.7875 1.65 2 P 0
L 1.75 2.4375 1.7625 2.45 2 P 0
L 1.7501847 2.5268268 3.6298055 2.5268268 2 P 0
L 1.7543268 2.5168268 3.5956732 2.5168268 2 P 0
L 1.7625 2.45 2.7038484 2.45 2 P 0
L 1.7693268 2.5068268 3.5806732 2.5068268 2 P 0
L 1.7843268 2.4968268 3.5656732 2.4968268 2 P 0
L 1.7875 1.6125 1.7875 1.65 2 P 0
L 1.88221 1.26501 1.89471 1.27751 0 P 0
L 1.885 1.235 1.91071 1.26071 0 P 0
L 1.89471 1.27751 1.89471 1.6703967 0 P 0
L 1.89471 1.6703967 1.9568133 1.7325 0 P 0
L 1.91071 1.26071 1.91071 1.6665978 0 P 0
L 1.91071 1.6665978 1.9626122 1.7185 0 P 0
L 1.925 3.05 1.925 3.175 3 P 0
L 1.925 3.05 1.9375 3.0375 3 P 0
L 1.93021 1.21701 1.94271 1.22951 0 P 0
L 1.9375 3.0375 5.8710786 3.0375 3 P 0
L 1.94271 1.22951 1.94271 1.6787989 0 P 0
L 1.94271 1.6787989 1.9684111 1.7045 0 P 0
L 1.94621 1.20101 1.95871 1.21351 0 P 0
L 1.9568133 1.7325 3.0075 1.7325 0 P 0
L 1.95871 1.21351 1.95871 1.675 0 P 0
L 1.95871 1.675 1.97421 1.6905 0 P 0
L 1.9626122 1.7185 3.0185 1.7185 0 P 0
L 1.9684111 1.7045 3.03751 1.7045 0 P 0
L 1.97421 1.6905 3.053 1.6905 0 P 0
L 1.9875 1.6625 2.0014999 1.6764999 0 P 0
L 1.9876952 2.8025591 2.0151577 2.8025591 3 P 0
L 2.0014999 1.6764999 2.0259022 1.6764999 0 P 0
L 2.0067011 1.5875 2.0067011 1.6432989 0 P 0
L 2.0067011 1.6432989 2.0259022 1.6625 0 P 0
L 2.01171 1.12451 2.05271 1.08351 0 P 0
L 2.0151577 2.8025591 2.0344409 2.8218423 3 P 0
L 2.0259022 1.6625 3.075 1.6625 0 P 0
L 2.0259022 1.6764999 3.064 1.6765 0 P 0
L 2.02899 1.08351 2.04499 1.06751 0 P 0
L 2.0344409 2.8218423 2.0344409 2.9969409 3 P 0
L 2.0344409 2.9969409 2.05 3.0125 3 P 0
L 2.04499 1.06751 3.95501 1.06751 0 P 0
L 2.05 3.0125 5.8607234 3.0125 3 P 0
L 2.05271 1.08351 3.9414798 1.08351 0 P 0
L 2.1125 0.6625 2.39375 0.6625 0 P 0
L 2.13125 0.69375 2.39375 0.69375 0 P 0
L 2.1499998 3.0750002 2.1499998 3.1749999 3 P 0
L 2.1499998 3.0750002 2.1625 3.0625 3 P 0
L 2.1499998 3.1749999 2.15 3.1750001 3 P 0
L 2.1625 3.0625 5.881434 3.0625 3 P 0
L 2.2125 1.7625 2.2250001 1.7499999 2 P 0
L 2.2250001 1.7499999 2.285 1.7499999 2 P 0
L 2.285 1.7499999 3 1.75 2 P 0
L 2.3749998 3.1000007 2.3749998 3.175 3 P 0
L 2.3749998 3.1000007 2.3875005 3.0875 3 P 0
L 2.3749998 3.175 2.375 3.1750002 3 P 0
L 2.375 1.8625 2.375 1.9125 3 P 0
L 2.375 1.8625 2.3875 1.85 3 P 0
L 2.3875 1.85 2.575 1.85 3 P 0
L 2.3875005 3.0875 5.8917894 3.0875 3 P 0
L 2.39375 0.6625 2.40625 0.65 0 P 0
L 2.39375 0.69375 2.41875 0.66875 0 P 0
L 2.40625 0.65 2.93125 0.65 0 P 0
L 2.41875 0.66875 2.8625 0.66875 0 P 0
L 2.6 3.125 2.6 3.1750003 3 P 0
L 2.6 3.125 2.6143268 3.1106732 3 P 0
L 2.6143268 3.1106732 2.761112 3.1106732 3 P 0
L 2.7038484 2.45 2.7151437 2.4387047 2 P 0
L 2.7151437 2.4387047 2.7348563 2.4387047 2 P 0
L 2.7348563 2.4387047 2.7679784 2.4718268 2 P 0
L 2.761112 3.1106732 2.7629388 3.1125 3 P 0
L 2.7629388 3.1125 5.9021446 3.1125 3 P 0
L 2.7679784 2.4718268 2.9840409 2.4718268 2 P 0
L 2.825 3.1500002 2.825 3.1750004 3 P 0
L 2.825 3.1500002 2.8375002 3.1375 3 P 0
L 2.8375002 3.1375 5.9125 3.1375 3 P 0
L 2.8625 0.66875 2.9 0.70625 0 P 0
L 2.88125 0.85 2.91875 0.85 0 P 0
L 2.89375 0.78125 2.9 0.775 0 P 0
L 2.9 0.70625 2.9 0.775 0 P 0
L 2.91875 0.85 2.9625 0.80625 0 P 0
L 2.93125 0.65 2.9625 0.68125 0 P 0
L 2.9625 0.68125 2.9625 0.80625 0 P 0
L 2.9840409 2.4718268 3.0058677 2.45 2 P 0
L 3 1.75 3.063 1.813 2 P 0
L 3.0058677 2.45 3.0191323 2.45 2 P 0
L 3.0075 1.7325 3.075 1.8 0 P 0
L 3.0185 1.7185 3.089 1.789 0 P 0
L 3.0191323 2.45 3.0316323 2.4375 2 P 0
L 3.0316323 2.4375 3.5831732 2.4375 2 P 0
L 3.03751 1.7045 3.103 1.76999 0 P 0
L 3.053 1.6905 3.117 1.7545 0 P 0
L 3.063 1.813 3.063 2.1120701 2 P 0
L 3.063 2.1120701 3.075 2.1240701 2 P 0
L 3.064 1.6765 3.0875 1.7 0 P 0
L 3.075 1.6625 3.0985 1.686 0 P 0
L 3.075 1.8 3.075 2.1070996 0 P 0
L 3.075 2.1070996 3.1008539 2.1329535 0 P 0
L 3.075 2.1240701 3.075 2.1625 2 P 0
L 3.0875 1.7 3.575 1.7 0 P 0
L 3.089 1.789 3.089 2.068317 0 P 0
L 3.089 2.068317 3.13455 2.113867 0 P 0
L 3.0985 1.686 3.60849 1.686 0 P 0
L 3.103 1.76999 3.103 2.04345 0 P 0
L 3.103 2.04345 3.16875 2.1092 0 P 0
L 3.117 1.7545 3.117 2.0295 0 P 0
L 3.117 2.0295 3.2 2.1125 0 P 0
L 3.16875 2.1092 3.16875 2.125 0 P 0
L 3.26875 0.6125 3.26875 0.65625 0 P 0
L 3.26875 0.6125 3.30625 0.575 0 P 0
L 3.3 0.63125 3.88125 0.63125 0 P 0
L 3.30625 0.575 3.9 0.575 0 P 0
L 3.55 2.0375 3.575 2.0125 2 P 0
L 3.5625 2.125 3.5875 2.125 2 P 0
L 3.5656732 2.4968268 3.6125 2.45 2 P 0
L 3.5688913 2.0670776 3.6079224 2.0670776 2 P 0
L 3.575 1.7 3.6852362 1.8102362 0 P 0
L 3.575 2.0125 3.625 2.0125 2 P 0
L 3.5761674 2.0967311 3.5907689 2.0967311 2 P 0
L 3.5806732 2.5068268 3.625 2.4625 2 P 0
L 3.5831732 2.4375 3.6 2.4206732 2 P 0
L 3.5875 2.125 3.6 2.1375 2 P 0
L 3.5907689 2.0967311 3.6125 2.1184622 2 P 0
L 3.5956732 2.5168268 3.6375 2.475 2 P 0
L 3.6 2.1375 3.6 2.4206732 2 P 0
L 3.6079224 2.0670776 3.625 2.0841552 2 P 0
L 3.60849 1.686 3.66624 1.74375 0 P 0
L 3.6125 2.1184622 3.6125 2.45 2 P 0
L 3.625 2.0125 3.6375 2.025 2 P 0
L 3.625 2.0841552 3.625 2.4625 2 P 0
L 3.6298055 2.5268268 3.675 2.4816323 2 P 0
L 3.6375 2.025 3.6375 2.475 2 P 0
L 3.675 2.3875 3.675 2.4816323 2 P 0
L 3.675 2.3875 3.7 2.3625 2 P 0
L 3.6815409 2.5368268 3.7 2.5183677 2 P 0
L 3.6852362 1.8102362 3.7091509 1.8102362 0 P 0
L 3.6906732 2.5468268 3.725 2.5125 2 P 0
L 3.69375 1.8875 3.6967143 1.8875 2 P 0
L 3.6967143 1.8875 3.7585368 1.9493225 2 P 0
L 3.7 2.0125 3.7481732 2.0606732 2 P 0
L 3.7 2.1 3.725 2.1 2 P 0
L 3.7 2.225 3.7125 2.225 2 P 0
L 3.7 2.40625 3.7 2.5183677 2 P 0
L 3.7056732 2.5568268 3.7375 2.525 2 P 0
L 3.7098153 2.5668268 3.7481732 2.5284689 2 P 0
L 3.7125 2.225 3.725 2.2375 2 P 0
L 3.7139574 2.5768268 3.7581732 2.532611 2 P 0
L 3.7180995 2.5868268 3.7681732 2.5367531 2 P 0
L 3.7222416 2.5968268 3.7781732 2.5408952 2 P 0
L 3.725 2.1 3.7375 2.1125 2 P 0
L 3.725 2.2375 3.725 2.5125 2 P 0
L 3.7375 2.1125 3.7375 2.525 2 P 0
L 3.7481732 2.0606732 3.7481732 2.5284689 2 P 0
L 3.7581732 2.4951749 3.7581732 2.532611 2 P 0
L 3.7581732 2.4951749 3.7585368 2.4948113 2 P 0
L 3.7585368 1.9493225 3.7585368 2.4948113 2 P 0
L 3.7681732 2.499317 3.7681732 2.5367531 2 P 0
L 3.7681732 2.499317 3.775 2.4924902 2 P 0
L 3.775 2.196555 3.775 2.4924902 2 P 0
L 3.775 2.196555 3.78937 2.182185 2 P 0
L 3.7781732 2.5034591 3.7781732 2.5408952 2 P 0
L 3.7781732 2.5034591 3.7875 2.4941323 2 P 0
L 3.7875 2.25625 3.7875 2.4941323 2 P 0
L 3.7875 2.25625 3.79921 2.24454 2 P 0
L 3.78937 2.182185 3.7927166 2.182185 2 P 0
L 3.79921 2.2187734 3.79921 2.24454 2 P 0
L 3.88125 0.63125 3.9 0.65 0 P 0
L 3.9 0.575 3.9625 0.6375 0 P 0
L 3.9 0.65 3.9 0.7559548 0 P 0
L 3.9 0.7559548 4.00625 0.8622048 0 P 0
L 3.9414798 1.08351 4.02621 1.1682402 0 P 0
L 3.95501 1.06751 4.04221 1.15471 0 P 0
L 3.9625 0.6375 3.9625 0.7375 0 P 0
L 3.9625 0.7375 4.0125 0.7875 0 P 0
L 3.96571 1.16901 3.97821 1.18151 0 P 0
L 3.97821 1.18151 3.97821 1.5963028 0 P 0
L 3.97821 1.5963028 4.1194072 1.7375 0 P 0
L 3.98171 1.15301 3.99421 1.16551 0 P 0
L 3.99421 1.16551 3.99421 1.5925039 0 P 0
L 3.99421 1.5925039 4.1202061 1.7185 0 P 0
L 4.00625 0.8622048 4.00625 1.0793826 0 P 0
L 4.00625 1.0793826 4.075 1.1481326 0 P 0
L 4.0125 0.7875 4.0125 0.7913039 0 P 0
L 4.0125 0.7913039 4.04375 0.8225539 0 P 0
L 4.02621 1.1682402 4.02621 1.604705 0 P 0
L 4.02621 1.604705 4.126005 1.7045 0 P 0
L 4.04221 1.15471 4.04221 1.6009061 0 P 0
L 4.04221 1.6009061 4.1318039 1.6905 0 P 0
L 4.04375 0.8225539 4.04375 1.0875 0 P 0
L 4.04375 1.0875 4.1 1.14375 0 P 0
L 4.075 1.1481326 4.075 1.5875 0 P 0
L 4.075 1.5875 4.1639999 1.6764999 0 P 0
L 4.1 1.14375 4.1 1.575 0 P 0
L 4.1 1.575 4.1625 1.6375 0 P 0
L 4.1194072 1.7375 5.075 1.7375 0 P 0
L 4.1202061 1.7185 5.081 1.7185 0 P 0
L 4.126005 1.7045 5.1545 1.7045 0 P 0
L 4.1318039 1.6905 5.178 1.6905 0 P 0
L 4.1625 1.6375 4.1874999 1.6624999 0 P 0
L 4.1639999 1.6764999 4.2 1.6764999 0 P 0
L 4.1874999 1.6624999 4.2 1.6624999 0 P 0
L 4.2 1.6624999 5.65891 1.6625 0 P 0
L 4.2 1.6764999 5.589 1.6765 0 P 0
L 4.525 1.8625 4.525 1.9125 3 P 0
L 4.525 1.8625 4.5375 1.85 3 P 0
L 4.5375 1.85 4.725 1.85 3 P 0
L 4.55 0.86875 4.73125 1.05 3 P 0
L 4.625 0.88125 4.76875 1.025 3 P 0
L 4.7 0.8875 4.8125 1 3 P 0
L 4.73125 1.05 6.05 1.05 3 P 0
L 4.76875 1.025 6.075 1.025 3 P 0
L 4.775 0.8875 4.8625 0.975 3 P 0
L 4.8125 1 6.1 1 3 P 0
L 4.8302165 2.325 4.9875 2.325 2 P 0
L 4.85 0.8875 4.9125 0.95 3 P 0
L 4.8625 0.975 6.125 0.975 3 P 0
L 4.9125 0.95 6.15 0.95 3 P 0
L 4.925 0.8875 4.9625 0.925 3 P 0
L 4.9625 0.925 6.175 0.925 3 P 0
L 4.9875 2.325 5.125 2.1875 2 P 0
L 5.075 1.7375 5.13858 1.80108 0 P 0
L 5.081 1.7185 5.1604305 1.7979305 0 P 0
L 5.125 2.1875 5.525 2.1875 2 P 0
L 5.13858 1.80108 5.13858 2.05108 0 P 0
L 5.13858 2.05108 5.2148623 2.1273623 0 P 0
L 5.1545 1.7045 5.246651 1.796651 0 P 0
L 5.1604305 1.7979305 5.1604305 2.0378766 0 P 0
L 5.1604305 2.0378766 5.2225539 2.1 0 P 0
L 5.178 1.6905 5.2625 1.775 0 P 0
L 5.2148623 2.1273623 5.2148623 2.1375 0 P 0
L 5.2225539 2.1 5.25 2.1 0 P 0
L 5.246651 1.796651 5.246651 2.059151 0 P 0
L 5.246651 2.059151 5.2875 2.1 0 P 0
L 5.2625 1.775 5.2625 2.0413039 0 P 0
L 5.2625 2.0413039 5.3125 2.0913039 0 P 0
L 5.3125 1.775 5.3125 1.8 0 P 0
L 5.3125 1.775 5.3375 1.75 0 P 0
L 5.3125 2.0913039 5.3125 2.1375 0 P 0
L 5.3375 1.75 5.6003 1.75 0 P 0
L 5.35 1.7875 5.4 1.8375 2 P 0
L 5.3878823 1.7875 5.4253823 1.825 2 P 0
L 5.4 1.8375 5.5025 1.8375 2 P 0
L 5.425 1.7875 5.4514133 1.8139133 2 P 0
L 5.4253823 1.825 5.5041421 1.825 2 P 0
L 5.4514133 1.8139133 5.5071975 1.8139133 2 P 0
L 5.4564935 1.7875 5.4729068 1.8039133 2 P 0
L 5.4729068 1.8039133 5.5113396 1.8039133 2 P 0
L 5.5006732 2.2248042 5.5006732 2.2582499 2 P 0
L 5.5006732 2.2248042 5.5279774 2.1975 2 P 0
L 5.5006732 2.2582499 5.5134591 2.2710358 2 P 0
L 5.5025 1.8375 5.5625 1.8975 2 P 0
L 5.5041421 1.825 5.5737533 1.8946112 2 P 0
L 5.5071975 1.8139133 5.5837533 1.8904691 2 P 0
L 5.5113396 1.8039133 5.5937533 1.886327 2 P 0
L 5.5134591 2.2710358 5.5308291 2.2710358 2 P 0
L 5.5209641 2.6068268 5.74 2.3877909 2 P 0
L 5.525 2.1875 5.5419265 2.1705735 2 P 0
L 5.5251062 2.6168268 5.7573832 2.3845498 2 P 0
L 5.5279774 2.1975 5.5291421 2.1975 2 P 0
L 5.5291421 2.1975 5.5519265 2.1747156 2 P 0
L 5.5292483 2.6268268 5.7673832 2.3886919 2 P 0
L 5.5308291 2.2710358 5.5625 2.3027067 2 P 0
L 5.5333904 2.6368268 5.7773832 2.392834 2 P 0
L 5.5375 1.7820865 5.5375 1.8159316 2 P 0
L 5.5375 1.8159316 5.6037533 1.8821849 2 P 0
L 5.5419265 2.1526832 5.5419265 2.1705735 2 P 0
L 5.5519265 2.1735509 5.5519265 2.1747156 2 P 0
L 5.5519265 2.1735509 5.5637533 2.1617241 2 P 0
L 5.5625 1.8975 5.5625 2.142389 2 P 0
L 5.5625 2.142389 5.5637533 2.1436423 2 P 0
L 5.5625 2.3027067 5.5625 2.4 2 P 0
L 5.5637533 2.1436423 5.5637533 2.1617241 2 P 0
L 5.5737533 1.8946112 5.5737533 2.2095179 2 P 0
L 5.5737533 2.2095179 5.5875 2.2232646 2 P 0
L 5.5837533 1.8904691 5.5837533 2.2053758 2 P 0
L 5.5837533 2.2053758 5.5975 2.2191225 2 P 0
L 5.5875 2.2232646 5.5875 2.43125 2 P 0
L 5.589 1.6765 5.7124508 1.7999508 0 P 0
L 5.5937533 1.886327 5.5937533 2.2012337 2 P 0
L 5.5937533 2.2012337 5.6075 2.2149804 2 P 0
L 5.5975 2.2191225 5.5975 2.3975 2 P 0
L 5.5975 2.3975 5.6125 2.4125 2 P 0
L 5.6003 1.75 5.625 1.7747 0 P 0
L 5.6037533 1.8821849 5.6037533 2.1970916 2 P 0
L 5.6037533 2.1970916 5.61875 2.2120883 2 P 0
L 5.6075 2.2149804 5.6075 2.37625 2 P 0
L 5.6075 2.37625 5.65 2.41875 2 P 0
L 5.61875 2.2120883 5.61875 2.2905133 2 P 0
L 5.61875 2.2905133 5.6347091 2.3064724 2 P 0
L 5.6219232 2.6468268 5.79375 2.475 2 P 0
L 5.6347091 2.3064724 5.6685276 2.3064724 2 P 0
L 5.6375 2.025 5.6987402 2.025 2 P 0
L 5.6406732 2.0846659 5.6406732 2.1027477 2 P 0
L 5.6406732 2.0846659 5.6413337 2.0840054 2 P 0
L 5.6406732 2.1027477 5.6413337 2.1034082 2 P 0
L 5.6413337 2.07077 5.6413337 2.0840054 2 P 0
L 5.6413337 2.1034082 5.6413337 2.1161663 2 P 0
L 5.6424171 2.0718534 5.7020479 2.0718534 2 P 0
L 5.6427909 2.6568268 5.8155768 2.4840409 2 P 0
L 5.646933 2.6668268 5.8255768 2.488183 2 P 0
L 5.65 2.41875 5.65 2.4375 2 P 0
L 5.6510751 2.6768268 5.83671 2.4911919 2 P 0
L 5.6552172 2.6868268 5.84671 2.495334 2 P 0
L 5.65891 1.6625 5.74016 1.74375 0 P 0
L 5.6593593 2.6968268 5.85671 2.4994761 2 P 0
L 5.6625 2.05 5.725 2.05 2 P 0
L 5.6625 2.0937068 5.6930336 2.0937068 2 P 0
L 5.6635014 2.7068268 5.86671 2.5036182 2 P 0
L 5.6676435 2.7168268 5.87671 2.5077603 2 P 0
L 5.6685276 2.3064724 5.66875 2.30625 2 P 0
L 5.6930336 2.0937068 5.74 2.1406732 2 P 0
L 5.6987402 2.025 5.7249468 2.025 2 P 0
L 5.6987402 2.025 5.7359591 1.9877811 2 P 0
L 5.7020479 2.0718534 5.7618268 2.1316323 2 P 0
L 5.7124508 1.7999508 5.8061516 1.7999508 0 P 0
L 5.7249468 2.025 5.79812 2.0981732 2 P 0
L 5.725 2.05 5.7718268 2.0968268 2 P 0
L 5.7359591 1.9877811 5.7414289 1.9877811 2 P 0
L 5.74 2.1406732 5.74 2.3877909 2 P 0
L 5.74016 1.74375 5.74016 1.7472 0 P 0
L 5.7414289 1.9877811 5.81671 1.9125 2 P 0
L 5.7573832 2.1541577 5.7573832 2.3845498 2 P 0
L 5.7573832 2.1541577 5.7618268 2.1497141 2 P 0
L 5.7618268 2.1316323 5.7618268 2.1497141 2 P 0
L 5.7673832 2.1582998 5.7673832 2.3886919 2 P 0
L 5.7673832 2.1582998 5.7718268 2.1538562 2 P 0
L 5.7718268 2.0968268 5.7718268 2.1538562 2 P 0
L 5.7773832 2.1726945 5.7773832 2.392834 2 P 0
L 5.7773832 2.1726945 5.8210368 2.1290409 2 P 0
L 5.79375 1.88125 5.8578823 1.88125 2 P 0
L 5.79812 2.0981732 5.8082509 2.0981732 2 P 0
L 5.79921 2.01201 5.8431732 2.0559732 2 P 0
L 5.79921 2.065 5.79921 2.07451 2 P 0
L 5.79921 2.07451 5.83671 2.11201 2 P 0
L 5.79921 2.22451 5.81171 2.22451 2 P 0
L 5.8 2.40625 5.8155768 2.4218268 2 P 0
L 5.8082509 2.0981732 5.8210368 2.1109591 2 P 0
L 5.81171 2.22451 5.8255768 2.2383768 2 P 0
L 5.8155768 2.4218268 5.8155768 2.4840409 2 P 0
L 5.81671 1.9125 5.86 1.9125 2 P 0
L 5.8210368 2.1109591 5.8210368 2.1290409 2 P 0
L 5.8255768 2.2383768 5.8255768 2.488183 2 P 0
L 5.83671 2.11201 5.83671 2.4911919 2 P 0
L 5.8431732 2.0559732 5.8431732 2.078183 2 P 0
L 5.8431732 2.078183 5.84671 2.0817198 2 P 0
L 5.84671 2.0817198 5.84671 2.495334 2 P 0
L 5.8531732 2.0559591 5.8531732 2.0740409 2 P 0
L 5.8531732 2.0559591 5.86171 2.0474223 2 P 0
L 5.8531732 2.0740409 5.85671 2.0775777 2 P 0
L 5.85671 2.0775777 5.85671 2.4994761 2 P 0
L 5.8578823 1.88125 5.8709591 1.8681732 2 P 0
L 5.8607234 3.0125 6.0749991 2.7982243 3 P 0
L 5.86171 1.9416577 5.86171 2.0474223 2 P 0
L 5.86171 1.9416577 5.9018268 1.9015409 2 P 0
L 5.86671 2.3110433 5.86671 2.5036182 2 P 0
L 5.86671 2.3110433 5.9027533 2.275 2 P 0
L 5.8709591 1.8681732 5.8890409 1.8681732 2 P 0
L 5.8710786 3.0375 6.0999991 2.8085795 3 P 0
L 5.87671 2.3324459 5.87671 2.5077603 2 P 0
L 5.87671 2.3324459 5.9245801 2.2845758 2 P 0
L 5.881434 3.0625 6.1249991 2.8189349 3 P 0
L 5.8890409 1.8681732 5.9018268 1.8809591 2 P 0
L 5.8917894 3.0875 6.1499991 2.8292903 3 P 0
L 5.8993268 1.9015409 5.9018268 1.8990409 2 P 0
L 5.8993268 1.9015409 5.9018268 1.9015409 2 P 0
L 5.9018268 1.8809591 5.9018268 1.8990409 2 P 0
L 5.9021446 3.1125 6.1749991 2.8396455 3 P 0
L 5.9125 2.2375 5.9245801 2.2495801 2 P 0
L 5.9125 3.1375 6.1999991 2.8500009 3 P 0
L 5.9245801 2.2495801 5.9245801 2.2845758 2 P 0
L 6.05 1.05 6.075 1.075 3 P 0
L 6.0749991 2.725 6.0749991 2.7982243 3 P 0
L 6.0749991 2.725 6.075 1.075 3 P 0
L 6.075 1.025 6.1 1.05 3 P 0
L 6.0999991 2.725 6.0999991 2.8085795 3 P 0
L 6.0999991 2.725 6.1 1.05 3 P 0
L 6.1 1 6.125 1.025 3 P 0
L 6.1249991 2.7249999 6.1249991 2.8189349 3 P 0
L 6.1249991 2.7249999 6.125 1.025 3 P 0
L 6.125 0.975 6.15 1 3 P 0
L 6.1499991 2.7249999 6.1499991 2.8292903 3 P 0
L 6.1499991 2.7249999 6.15 1 3 P 0
L 6.15 0.95 6.175 0.975 3 P 0
L 6.1749991 2.725 6.1749991 2.8396455 3 P 0
L 6.1749991 2.725 6.175 0.975 3 P 0
L 6.175 0.925 6.2 0.95 3 P 0
L 6.1999991 2.725 6.1999991 2.8500009 3 P 0
L 6.1999991 2.725 6.2 0.95 3 P 0
P 0.35 1.425 5 P 0 0 ;0=0,1=0
P 0.4875 0.7375 5 P 0 0 ;0=0,1=0
P 0.55 1.325 5 P 0 0 ;0=0,1=0
P 0.65 1.325 5 P 0 0 ;0=0,1=0
P 0.75 1.325 5 P 0 0 ;0=0,1=0
P 0.85 1.325 5 P 0 0 ;0=0,1=0
P 0.95 1.325 5 P 0 0 ;0=0,1=0
P 1.65 1.325 5 P 0 0 ;0=0,1=0
P 0.40436 1.155 6 P 0 0 ;0=1,1=1
P 0.45 2.9375 7 P 0 0 ;0=2,1=1
P 0.5125 2.6841839 6 P 0 0 ;0=1,1=1
P 0.5625 2.7 6 P 0 0 ;0=1,1=1
P 0.7224409 1.19951 6 P 0 0 ;0=1,1=1
P 0.777559 1.2 6 P 0 0 ;0=1,1=1
P 0.9125 2.675 6 P 0 0 ;0=1,1=1
P 0.9375 2.7 6 P 0 0 ;0=1,1=1
P 0.9599409 1.1894509 6 P 0 0 ;0=1,1=1
P 1.0150591 1.1894509 6 P 0 0 ;0=1,1=1
P 1.0873268 1.4899958 6 P 0 0 ;0=1,1=1
P 1.2375 2.375 6 P 0 0 ;0=1,1=1
P 1.2625 2.4625 6 P 0 0 ;0=1,1=1
P 1.2875 2.4875 6 P 0 0 ;0=1,1=1
P 1.3125 2.5125 6 P 0 0 ;0=1,1=1
P 1.3376 2.4625 6 P 0 0 ;0=1,1=1
P 1.3625 2.4375 6 P 0 0 ;0=1,1=1
P 1.3874873 2.46875 6 P 0 0 ;0=1,1=1
P 1.4125 2.325 6 P 0 0 ;0=1,1=1
P 1.4175001 1.0824999 6 P 0 0 ;0=1,1=1
P 1.4322667 1.1743775 6 P 0 0 ;0=1,1=1
P 1.4375 2.2125 6 P 0 0 ;0=1,1=1
P 1.4625 2.1875 6 P 0 0 ;0=1,1=1
P 1.4875 2.1625 6 P 0 0 ;0=1,1=1
P 1.4875 2.4 6 P 0 0 ;0=1,1=1
P 1.4875 2.4375 6 P 0 0 ;0=1,1=1
P 1.5736534 1.08125 6 P 0 0 ;0=1,1=1
P 1.73125 1.08351 6 P 0 0 ;0=1,1=1
P 1.7375 1.6125 6 P 0 0 ;0=1,1=1
P 1.7625 1.6375 6 P 0 0 ;0=1,1=1
P 1.7875 1.6125 6 P 0 0 ;0=1,1=1
P 1.925 3.175 6 P 0 0 ;0=1,1=1
P 1.9875 1.6625 6 P 0 0 ;0=1,1=1
P 1.9876952 2.8025591 6 P 0 0 ;0=1,1=1
P 2.0067011 1.5875 6 P 0 0 ;0=1,1=1
P 2.1125 0.6625 6 P 0 0 ;0=1,1=1
P 2.13125 0.69375 6 P 0 0 ;0=1,1=1
P 2.15 3.1750001 6 P 0 0 ;0=1,1=1
P 2.2125 1.7625 6 P 0 0 ;0=1,1=1
P 2.375 1.9125 6 P 0 0 ;0=1,1=1
P 2.375 3.1750002 6 P 0 0 ;0=1,1=1
P 2.575 1.85 6 P 0 0 ;0=1,1=1
P 2.6 3.1750003 6 P 0 0 ;0=1,1=1
P 2.825 3.1750004 6 P 0 0 ;0=1,1=1
P 2.88125 0.85 6 P 0 0 ;0=1,1=1
P 2.89375 0.78125 6 P 0 0 ;0=1,1=1
P 3.075 2.1625 6 P 0 0 ;0=1,1=1
P 3.1008539 2.1329535 6 P 0 0 ;0=1,1=1
P 3.13455 2.113867 6 P 0 0 ;0=1,1=1
P 3.16875 2.125 6 P 0 0 ;0=1,1=1
P 3.2 2.1125 6 P 0 0 ;0=1,1=1
P 3.26875 0.65625 6 P 0 0 ;0=1,1=1
P 3.3 0.63125 6 P 0 0 ;0=1,1=1
P 3.55 2.0375 6 P 0 0 ;0=1,1=1
P 3.5625 2.125 6 P 0 0 ;0=1,1=1
P 3.5688913 2.0670776 6 P 0 0 ;0=1,1=1
P 3.5761674 2.0967311 6 P 0 0 ;0=1,1=1
P 3.66624 1.74375 6 P 0 0 ;0=1,1=1
P 3.69375 1.8875 6 P 0 0 ;0=1,1=1
P 3.7 2.0125 6 P 0 0 ;0=1,1=1
P 3.7 2.1 6 P 0 0 ;0=1,1=1
P 3.7 2.225 6 P 0 0 ;0=1,1=1
P 3.7 2.3625 6 P 0 0 ;0=1,1=1
P 3.7 2.40625 6 P 0 0 ;0=1,1=1
P 3.7091509 1.8102362 6 P 0 0 ;0=1,1=1
P 3.7927166 2.182185 6 P 0 0 ;0=1,1=1
P 3.79921 2.2187734 6 P 0 0 ;0=1,1=1
P 4.00625 0.8622048 6 P 0 0 ;0=1,1=1
P 4.0125 0.7875 6 P 0 0 ;0=1,1=1
P 4.075 1.5875 6 P 0 0 ;0=1,1=1
P 4.1625 1.6375 6 P 0 0 ;0=1,1=1
P 4.525 1.9125 6 P 0 0 ;0=1,1=1
P 4.55 0.86875 7 P 0 0 ;0=2,1=1
P 4.625 0.88125 7 P 0 0 ;0=2,1=1
P 4.7 0.8875 7 P 0 0 ;0=2,1=1
P 4.725 1.85 6 P 0 0 ;0=1,1=1
P 4.775 0.8875 7 P 0 0 ;0=2,1=1
P 4.8302165 2.325 6 P 0 0 ;0=1,1=1
P 4.85 0.8875 7 P 0 0 ;0=2,1=1
P 4.925 0.8875 7 P 0 0 ;0=2,1=1
P 5.2148623 2.1375 6 P 0 0 ;0=1,1=1
P 5.25 2.1 6 P 0 0 ;0=1,1=1
P 5.2875 2.1 6 P 0 0 ;0=1,1=1
P 5.3125 1.8 6 P 0 0 ;0=1,1=1
P 5.3125 2.1375 6 P 0 0 ;0=1,1=1
P 5.35 1.7875 6 P 0 0 ;0=1,1=1
P 5.3878823 1.7875 6 P 0 0 ;0=1,1=1
P 5.425 1.7875 6 P 0 0 ;0=1,1=1
P 5.4564935 1.7875 6 P 0 0 ;0=1,1=1
P 5.5375 1.7820865 6 P 0 0 ;0=1,1=1
P 5.5419265 2.1526832 6 P 0 0 ;0=1,1=1
P 5.5625 2.4 6 P 0 0 ;0=1,1=1
P 5.5875 2.43125 6 P 0 0 ;0=1,1=1
P 5.6125 2.4125 6 P 0 0 ;0=1,1=1
P 5.625 1.7747 6 P 0 0 ;0=1,1=1
P 5.6375 2.025 6 P 0 0 ;0=1,1=1
P 5.6413337 2.1161663 6 P 0 0 ;0=1,1=1
P 5.6424171 2.0718534 6 P 0 0 ;0=1,1=1
P 5.65 2.4375 6 P 0 0 ;0=1,1=1
P 5.6625 2.05 6 P 0 0 ;0=1,1=1
P 5.6625 2.0937068 6 P 0 0 ;0=1,1=1
P 5.66875 2.30625 6 P 0 0 ;0=1,1=1
P 5.74 2.1406732 6 P 0 0 ;0=1,1=1
P 5.74016 1.7472 6 P 0 0 ;0=1,1=1
P 5.79375 1.88125 6 P 0 0 ;0=1,1=1
P 5.79375 2.475 6 P 0 0 ;0=1,1=1
P 5.79921 2.01201 6 P 0 0 ;0=1,1=1
P 5.79921 2.065 6 P 0 0 ;0=1,1=1
P 5.79921 2.22451 6 P 0 0 ;0=1,1=1
P 5.8 2.40625 6 P 0 0 ;0=1,1=1
P 5.8061516 1.7999508 6 P 0 0 ;0=1,1=1
P 5.86 1.9125 6 P 0 0 ;0=1,1=1
P 5.9027533 2.275 6 P 0 0 ;0=1,1=1
P 5.9125 2.2375 6 P 0 0 ;0=1,1=1
